15 21 28 34 37 
46 56 58 71 81 
50 40 39 38 47 
55 36 34 20 13 
55 37 34 20 13 
74 83 84 108 123 
75 74 73 78 89 
90 97 98 100 92 
128 143 149 169 178 
128 149 169 198 224 
144 149 169 198 224 
149 169 178 198 224 
156 154 172 203 204 
165 157 147 132 125 
171 192 207 227 233 
181 182 183 184 194 
181 200 217 218 211 
187 176 159 140 134 
193 216 217 218 211 
195 194 184 183 182 
195 172 154 121 117 
195 173 154 121 117 
196 174 154 121 117 
196 173 154 121 117 
196 195 200 229 247 
202 172 154 121 117 
203 172 154 121 117 
203 173 154 121 117 
204 195 184 183 182 
204 202 208 229 247 
204 173 154 121 117 
204 172 154 121 117 
207 222 228 234 235 
208 216 217 218 211 
210 195 194 183 182 
210 172 154 121 117 
210 173 154 121 117 
213 222 228 234 235 
214 222 228 234 235 
217 201 194 172 174 
218 195 184 183 182 
234 233 227 207 192 
237 224 198 178 169 
